abc <- 1+1
def <- 2+3